file: data\processed\test\yes\Y156.JPG
 pred: 1
 probs: [0.03265762701630592, 0.9673423171043396]
