file: data\processed\test\yes\Y166.JPG
 pred: 1
 probs: [0.0068908510729670525, 0.9931091070175171]
