file: data\processed\test\no\No19.jpg
 pred: 0
 probs: [0.9937275648117065, 0.006272371392697096]
