file: data\processed\test\yes\Y248.JPG
 pred: 1
 probs: [0.25745338201522827, 0.7425466179847717]
