file: data\processed\test\yes\Y24.jpg
 pred: 0
 probs: [0.780163049697876, 0.21983690559864044]
