file: data\processed\test\no\1 no.jpeg
 pred: 0
 probs: [0.9978287816047668, 0.0021712605375796556]
