file: data\processed\test\no\47 no.jpg
 pred: 0
 probs: [0.9855009913444519, 0.01449902169406414]
