file: data\processed\test\no\no 98.jpg
 pred: 0
 probs: [0.9992554783821106, 0.0007444817456416786]
