file: data\processed\test\no\no 96.jpg
 pred: 0
 probs: [0.9750089049339294, 0.02499105967581272]
