file: data\processed\test\yes\Y113.JPG
 pred: 1
 probs: [0.0006116568110883236, 0.9993883371353149]
