file: data\processed\test\yes\Y193.JPG
 pred: 1
 probs: [0.08680873364210129, 0.9131912589073181]
