file: data\processed\test\yes\Y250.jpg
 pred: 1
 probs: [3.2657888368703425e-05, 0.9999673366546631]
